# Created by Octave 3.8.1, Wed Apr 05 02:16:44 2017 CEST <wohlrath@yumyumpc>
# name: hist
# type: matrix
# rows: 8
# columns: 2
 7.5 5
 12.5 10
 17.5 11
 22.5 13
 27.5 14
 32.5 4
 37.5 3
 42.5 1


